01DD:019D   00 00 00 00 00 00 00 00 00 00 00 00 00 00 00 00 
01DD:01AD   00 00 00 00 00 00 00 00 00 00 00 00 00 00 00 00 
01DD:01BD   00 00 00 00 00 00 00 00 00 00 00 00 00 00 00 00 
01DD:01CD   00 00 00 00 00 00 00 00 00 00 00 00 00 00 00 00 
01DD:01DD   00 00 00 00 00 00 00 00 00 00 00 00 00 00 00 00 
01DD:01ED   00 00 00 00 00 00 00 00 00 00 00 00 00 00 00 00 
01DD:01FD   00 00 00 00 00 00 00 00 00 00 00 00 00 00 00 00 
01DD:020D   00 00 00 00 00 00 00 00 00 00 00 00 00 00 00 00 
01DD:021D   00 00 00 00 00 00 00 00 00 00 00 00 00 00 00 00 
01DD:022D   00 00 00 00 00 00 00 00 00 00 00 00 00 00 00 00 
01DD:023D   00 00 00 00 00 00 00 00 00 00 00 00 00 00 00 00 
01DD:024D   00 00 00 00 00 00 00 00 00 00 00 00 00 00 00 00 
01DD:025D   00 00 00 00 00 00 00 00 00 00 00 00 00 00 00 00 
01DD:026D   00 00 00 00 00 00 00 00 00 00 00 00 00 00 00 00 
01DD:027D   00 00 00 00 00 00 00 00 00 00 00 00 00 00 00 00 
01DD:028D   00 00 00 00 00 00 00 00 00 00 00 00 00 00 00 00 
01DD:029D   00 00 00 00 00 00 00 00 00 00 00 00 00 00 00 00 
01DD:02AD   00 00 00 00 00 00 00 00 00 00 00 00 00 00 00 00 
01DD:02BD   00 00 00 00 00 00 00 00 00 00 00 00 00 00 00 00 
01DD:02CD   00 00 00 00 00 00 00 00 00 00 00 00 00 00 00 00 
01DD:02DD   00 00 00 00 00 00 00 00 00 00 00 00 00 00 00 00 
01DD:02ED   00 00 00 00 00 00 00 00 00 00 00 00 00 00 00 00 
01DD:02FD   00 00 00 CE DB D1 58 2B D2 DD E2 E4 EA E4 E7 EA 
01DD:030D   EA F1 F1 EA E8 E2 E4 E9 F1 F8 F7 F7 F8 F6 F6 ED 
01DD:031D   F3 F2 FC 12 28 58 2D 1D D6 E3 EE EF EC EC EC EF 
01DD:032D   EB EE EE E7 DF D8 DF E0 E3 EA ED E7 F3 F3 E6 E3 
01DD:033D   E6 F0 FC 3C 1D 1B 58 D1 F5 F5 F8 F5 F5 F9 F9 F8 
01DD:034D   F4 F1 EE F4 E5 E0 E2 E0 DB D7 D8 DE DE DB DA DD 
01DD:035D   DD F0 FC FA E8 D1 D6 DA D9 D9 D9 D9 D6 D8 DB D8 
01DD:036D   D8 D7 D2 CA C6 C0 D0 DA DA D4 CD CD CD D4 D4 D0 
01DD:037D   C9 FA FF CB 9F 9F 9F 95 8D 7F 7F 7F 7E 7E 7E 7E 
01DD:038D   6C 6C 6C 65 65 5A 65 6D 6D 73 6D 73 80 8E 8E 8E 
01DD:039D   8E F2 FE 4E 48 4B 4D 4D 4D 4B 4E 4E 48 3C 3C 3C 
01DD:03AD   3F 34 34 34 33 32 33 34 37 37 37 37 3A 40 3F 3A 
01DD:03BD   3F 9F FD 76 86 87 86 7A 6E 63 61 57 57 57 5F 57 
01DD:03CD   54 51 51 51 4C 46 46 46 46 45 44 3D 38 30 2F 2D 
01DD:03DD   2D 2F AD 9E A8 AB A8 A4 9B 9B 8F 89 81 75 81 74 
01DD:03ED   66 50 36 36 2B 2B 36 52 64 64 64 5C 66 67 5C 5C 
01DD:03FD   62 51 1D B0 B9 B9 B4 B2 B2 B1 B1 B2 B8 B1 A3 99 
01DD:040D   82 75 72 72 78 74 82 97 9D 98 96 98 96 9A 9A 9B 
01DD:041D   9A 38 01 9E C5 C0 BB BB C0 C5 C5 BF B5 AF 9D 97 
01DD:042D   96 83 72 69 71 69 6B 71 75 81 81 8F 9A 9B A0 A0 
01DD:043D   7D 1B 09 BE CA CA C8 C7 C7 CC CC C2 B3 B3 A3 9D 
01DD:044D   96 74 78 70 5C 46 49 5B 67 68 67 71 89 82 7D 72 
01DD:045D   4A 09 28 C7 D0 D0 D7 D5 D5 D5 D0 C8 C6 C1 BB BD 
01DD:046D   C3 B7 A9 92 6E 51 59 7C A2 AB AB A9 A6 92 8B 87 
01DD:047D   62 28 CB CF AE A5 A5 AE AF B0 AF A8 A8 A8 A7 AA 
01DD:048D   A7 91 91 86 6F 5F 5F 76 7A 77 78 77 77 76 70 7A 
01DD:049D   55 BE FE 95 5A 4F 5A 5A 5A 5A 5A 5A 50 50 4B 4B 
01DD:04AD   4B 41 41 3B 3B 2B 2B 2C 30 38 2D 2F 2E 30 2C 30 
01DD:04BD   2B DC FE 48 3C 3C 3B 3D 44 44 44 31 31 31 2A 24 
01DD:04CD   24 24 24 24 21 1E 21 21 21 21 16 10 10 10 10 11 
01DD:04DD   16 BE FD 62 6A 6A 61 5E 5D 5D 43 42 26 42 43 23 
01DD:04ED   1A 1A 1A 1A 25 26 25 23 18 1A 1A 0A 04 01 01 04 
01DD:04FD   07 1F F2 82 89 87 7D 70 6E 6A 53 53 42 25 19 13 
01DD:050D   05 00 05 0B 14 18 19 19 18 15 13 13 0E 0B 07 02 
01DD:051D   01 24 FB A5 A8 A4 A0 94 91 93 92 84 84 5D 42 23 
01DD:052D   0E 07 07 0B 0A 00 03 0C 15 0E 0E 0D 0A 07 04 02 
01DD:053D   03 10 E1 BA BA B8 B4 AC B6 B6 B6 B6 A9 8C 84 84 
01DD:054D   6E 5E 53 3E 29 1C 16 16 1C 1C 27 29 29 29 24 0F 
01DD:055D   07 0F CE BE C4 C4 BC B8 BC BC C3 C3 BC AC A6 A6 
01DD:056D   93 91 A2 A2 A1 8B 7B 7C 8A 8A 90 90 90 8C 8C 7B 
01DD:057D   60 5E 00 00 00 00 00 00 00 00 00 00 00 00 00 00 
01DD:058D   00 00 00 00 00 00 00 00 00 00 00 00 00 00 00 00 
01DD:059D   00 00 00 00 00 00 00 00 00 00 00 00 00 00 00 00 
01DD:05AD   00 00 00 00 00 00 00 00 00 00 00 00 00 00 00 00 
01DD:05BD   00 00 00 00 00 00 00 00 00 00 00 00 00 00 00 00 
01DD:05CD   00 00 00 00 00 00 00 00 00 00 00 00 00 00 00 00 
01DD:05DD   00 00 00 00 00 00 00 00 00 00 00 00 00 00 00 00 
01DD:05ED   00 00 00 00 00 00 00 00 00 00 00 00 00 00 00 00 
01DD:05FD   00 00 00 00 00 00 00 00 00 00 00 00 00 00 00 00 
01DD:060D   00 00 00 00 00 00 00 00 00 00 00 00 00 00 00 00 
01DD:061D   00 00 00 00 00 00 00 00 00 00 00 00 00 00 00 00 
01DD:062D   00 00 00 00 00 00 00 00 00 00 00 00 00 00 00 00 
01DD:063D   00 00 00 00 00 00 00 00 00 00 00 00 00 00 00 00 
01DD:064D   00 00 00 00 00 00 00 00 00 00 00 00 00 00 00 00 
01DD:065D   00 00 00 00 00 00 00 00 00 00 00 00 00 00 00 00 
01DD:066D   00 00 00 00 00 00 00 00 00 00 00 00 00 00 00 00 
01DD:067D   00 00 00 00 00 00 00 00 00 00 00 00 00 00 00 00 
01DD:068D   00 00 00 00 00 00 00 00 00 00 00 00 00 00 00 00 
01DD:069D   00 00 00 00 00 00 00 00 00 00 00 00 00 00 00 00 
01DD:06AD   00 00 00 00 00 00 00 00 00 00 00 00 00 00 00 00 
01DD:06BD   00 00 00 00 00 00 00 00 00 00 00 00 00 00 00 00 
01DD:06CD   00 00 00 00 00 00 00 00 00 00 00 00 00 00 00 00 
01DD:06DD   00 00 00 00 00 00 00 00 00 00 00 00 00 00 00 00 
01DD:06ED   00 00 00 00 00 00 00 00 00 00 00 00 00 00 00 00 
01DD:06FD   00 00 00 00 00 00 00 00 00 00 00 00 00 00 00 00 
01DD:070D   00 00 00 00 00 00 00 00 00 00 00 00 00 00 00 00 
01DD:071D   00 00 00 00 00 00 00 00 00 00 00 00 00 00 00 00 
01DD:072D   00 00 00 00 00 00 00 00 00 00 00 00 00 00 00 00 
01DD:073D   00 00 00 00 00 00 00 00 00 00 00 00 00 00 00 00 
01DD:074D   00 00 00 00 00 00 00 00 00 00 00 00 00 00 00 00 
01DD:075D   00 00 00 00 00 00 00 00 00 00 00 00 00 00 00 00 
01DD:076D   00 00 00 00 00 00 00 00 00 00 00 00 00 00 00 00 
01DD:077D   00 00 00 00 00 00 00 00 00 00 00 00 00 00 00 00 
01DD:078D   00 00 00 00 00 00 00 00 00 00 00 00 00 00 00 00 
01DD:079D   00 00 00 00 00 00 00 00 00 00 00 00 00 00 00 00 
01DD:07AD   00 00 00 00 00 00 00 00 00 00 00 00 00 00 00 00 
01DD:07BD   00 00 00 00 00 00 00 00 00 00 00 00 00 00 00 00 
01DD:07CD   00 00 00 00 00 00 00 00 00 00 00 00 00 00 00 00 
01DD:07DD   00 00 00 00 00 00 00 00 00 00 00 00 00 00 00 00 
01DD:07ED   00 00 00 00 00 00 00 00 00 00 00 00 00 00 00 00 
01DD:07FD   00 00 00 00 00 00 00 00 00 00 00 00 00 00 00 00 
01DD:080D   00 00 00 00 00 00 00 00 00 00 00 00 00 00 00 00 
01DD:081D   00 00 00 00 00 00 00 00 00 00 00 00 00 00 00 00 
01DD:082D   00 00 00 00 00 00 00 00 00 00 00 00 00 00 00 00 
01DD:083D   00 00 00 00 00 00 00 00 00 00 00 00 00 00 00 00 
01DD:084D   00 00 00 00 00 00 00 00 00 00 00 00 00 00 00 00 
01DD:085D   00 00 00 00 00 00 00 00 00 00 00 00 00 00 00 00 
01DD:086D   00 00 00 00 00 00 00 00 00 00 00 00 00 00 00 00 
01DD:087D   00 00 00 00 00 00 00 00 00 00 00 00 00 00 00 00 
01DD:088D   00 00 00 00 00 00 00 00 00 00 00 00 00 00 00 00 
01DD:089D   00 00 00 00 00 00 00 00 00 00 00 00 00 00 00 00 
01DD:08AD   00 00 00 00 00 00 00 00 00 00 00 00 00 00 00 00 
01DD:08BD   00 00 00 00 00 00 00 00 00 00 00 00 00 00 00 00 
01DD:08CD   00 00 00 00 00 00 00 00 00 00 00 00 00 00 00 00 
01DD:08DD   00 00 00 00 00 00 00 00 00 00 00 00 00 00 00 00 
01DD:08ED   00 00 00 00 00 00 00 00 00 00 00 00 00 00 00 00 
01DD:08FD   00 00 00 00 00 00 00 00 00 00 00 00 00 00 00 00 
01DD:090D   00 00 00 00 00 00 00 00 00 00 00 00 00 00 00 00 
01DD:091D   00 00 00 00 00 00 00 00 00 00 00 00 00 00 00 00 
01DD:092D   00 00 00 00 00 00 00 00 00 00 00 00 00 00 00 00 
01DD:093D   00 00 00 00 00 00 00 00 00 00 00 00 00 00 00 00 
01DD:094D   00 00 00 00 00 00 00 00 00 00 00 00 00 00 00 00 
01DD:095D   00 00 00 00 00 00 00 00 00 00 00 00 00 00 00 00 
01DD:096D   00 00 00 00 00 00 00 00 00 00 00 00 00 00 00 00 
01DD:097D   00 00 00 00 00 00 00 00 00 00 00 00 00 00 00 00 
01DD:098D   00 00 00 00 00 00 00 00 00 00 00 00 00 00 00 00 
01DD:099D   00 00 00 00 00 00 00 00 00 00 00 00 00 00 00 00 
01DD:09AD   00 00 00 00 00 00 00 00 00 00 00 00 00 00 00 00 
01DD:09BD   00 00 00 00 00 00 00 00 00 00 00 00 00 00 00 00 
01DD:09CD   00 00 00 00 00 00 00 00 00 00 00 00 00 00 00 00 
01DD:09DD   00 00 00 00 00 00 00 00 00 00 00 00 00 00 00 00 
01DD:09ED   00 00 00 00 00 00 00 00 00 00 00 00 00 00 00 00 
01DD:09FD   00 00 00 00 00 00 00 00 00 00 00 00 00 00 00 00 
01DD:0A0D   00 00 00 00 00 00 00 00 00 00 00 00 00 00 00 00 
01DD:0A1D   00 00 00 00 00 00 00 00 00 00 00 00 00 00 00 00 
01DD:0A2D   00 00 00 00 00 00 00 00 00 00 00 00 00 00 00 00 
01DD:0A3D   00 00 00 00 00 00 00 00 00 00 00 00 00 00 00 00 
01DD:0A4D   00 00 00 00 00 00 00 00 00 00 00 00 00 00 00 00 
01DD:0A5D   00 00 00 00 00 00 00 00 00 00 00 00 00 00 00 00 
01DD:0A6D   00 00 00 00 00 00 00 00 00 00 00 00 00 00 00 00 
01DD:0A7D   00 00 00 00 00 00 00 00 00 00 00 00 00 00 00 00 
01DD:0A8D   00 00 00 00 00 00 00 00 00 00 00 00 00 00 00 00 
01DD:0A9D   00 00 00 00 00 00 00 00 00 00 00 00 00 00 00 00 
01DD:0AAD   00 00 00 00 00 00 00 00 00 00 00 00 00 00 00 00 
01DD:0ABD   00 00 00 00 00 00 00 00 00 00 00 00 00 00 00 00 
01DD:0ACD   00 00 00 00 00 00 00 00 00 00 00 00 00 00 00 00 
01DD:0ADD   00 00 00 00 00 00 00 00 00 00 00 00 00 00 00 00 
01DD:0AED   00 00 00 00 00 00 00 00 00 00 00 00 00 00 00 00 
01DD:0AFD   00 00 00 00 00 00 00 00 00 00 00 00 00 00 00 00 
01DD:0B0D   00 00 00 00 00 00 00 00 00 00 00 00 00 00 00 00 
01DD:0B1D   00 00 00 00 00 00 00 00 00 00 00 00 00 00 00 00 
01DD:0B2D   00 00 00 00 00 00 00 00 00 00 00 00 00 00 00 00 
01DD:0B3D   00 00 00 00 00 00 00 00 00 00 00 00 00 00 00 00 
01DD:0B4D   00 00 00 00 00 00 00 00 00 00 00 00 00 00 00 00 
01DD:0B5D   00 00 00 00 00 00 00 00 00 00 00 00 00 00 00 00 
01DD:0B6D   00 00 00 00 00 00 00 00 00 00 00 00 00 00 00 00 
01DD:0B7D   00 00 00 00 00 00 00 00 00 00 00 00 00 00 00 00 
01DD:0B8D   00 00 00 00 00 00 00 00 00 00 00 00 00 00 00 00 
01DD:0B9D   00 00 00 00 00 00 00 00 00 00 00 00 00 00 00 00 
01DD:0BAD   00 00 00 00 00 00 00 00 00 00 00 00 00 00 00 00 
01DD:0BBD   00 00 00 00 00 00 00 00 00 00 00 00 00 00 00 00 
01DD:0BCD   00 00 00 00 00 00 00 00 00 00 00 00 00 00 00 00 
01DD:0BDD   00 00 00 00 00 00 00 00 00 00 00 00 00 00 00 00 
01DD:0BED   00 00 00 00 00 00 00 00 00 00 00 00 00 00 00 00 
01DD:0BFD   00 00 00 00 00 00 00 00 00 00 00 00 00 00 00 00 
01DD:0C0D   00 00 00 00 00 00 00 00 00 00 00 00 00 00 00 00 
01DD:0C1D   00 00 00 00 00 00 00 00 00 00 00 00 00 00 00 00 
01DD:0C2D   00 00 00 00 00 00 00 00 00 00 00 00 00 00 00 00 
01DD:0C3D   00 00 00 00 00 00 00 00 00 00 00 00 00 00 00 00 
01DD:0C4D   00 00 00 00 00 00 00 00 00 00 00 00 00 00 00 00 
01DD:0C5D   00 00 00 00 00 00 00 00 00 00 00 00 00 00 00 00 
01DD:0C6D   00 00 00 00 00 00 00 00 00 00 00 00 00 00 00 00 
01DD:0C7D   00 00 00 00 00 00 00 00 00 00 00 00 00 00 00 00 
01DD:0C8D   00 00 00 00 00 00 00 00 00 00 00 00 00 00 00 00 
01DD:0C9D   00 00 00 00 00 00 00 00 00 00 00 00 00 00 00 00 
01DD:0CAD   00 00 00 00 00 00 00 00 00 00 00 00 00 00 00 00 
01DD:0CBD   00 00 00 00 00 00 00 00 00 00 00 00 00 00 00 00 
01DD:0CCD   00 00 00 00 00 00 00 00 00 00 00 00 00 00 00 00 
01DD:0CDD   00 00 00 00 00 00 00 00 00 00 00 00 00 00 00 00 
01DD:0CED   00 00 00 00 00 00 00 00 00 00 00 00 00 00 00 00 
01DD:0CFD   00 00 00 00 00 00 00 00 00 00 00 00 00 00 00 00 
01DD:0D0D   00 00 00 00 00 00 00 00 00 00 00 00 00 00 00 00 
01DD:0D1D   00 00 00 00 00 00 00 00 00 00 00 00 00 00 00 00 
01DD:0D2D   00 00 00 00 00 00 00 00 00 00 00 00 00 00 00 00 
01DD:0D3D   00 00 00 00 00 00 00 00 00 00 00 00 00 00 00 00 
01DD:0D4D   00 00 00 00 00 00 00 00 00 00 00 00 00 00 00 00 
01DD:0D5D   00 00 00 00 00 00 00 00 00 00 00 00 00 00 00 00 
01DD:0D6D   00 00 00 00 00 00 00 00 00 00 00 00 00 00 00 00 
01DD:0D7D   00 00 00 00 00 00 00 00 00 00 00 00 00 00 00 00 
01DD:0D8D   00 00 00 00 00 00 00 00 00 00 00 00 00 00 00 00 
01DD:0D9D   00 00 00 00 00 00 00 00 00 00 00 00 00 00 00 00 
01DD:0DAD   00 00 00 00 00 00 00 00 00 00 00 00 00 00 00 00 
01DD:0DBD   00 00 00 00 00 00 00 00 00 00 00 00 00 00 00 00 
01DD:0DCD   00 00 00 00 00 00 00 00 00 00 00 00 00 00 00 00 
01DD:0DDD   00 00 00 00 00 00 00 00 00 00 00 00 00 00 00 00 
01DD:0DED   00 00 00 00 00 00 00 00 00 00 00 00 00 00 00 00 
01DD:0DFD   00 00 00 00 00 00 00 00 00 00 00 00 00 00 00 00 
01DD:0E0D   00 00 00 00 00 00 00 00 00 00 00 00 00 00 00 00 
01DD:0E1D   00 00 00 00 00 00 00 00 00 00 00 00 00 00 00 00 
01DD:0E2D   00 00 00 00 00 00 00 00 00 00 00 00 00 00 00 00 
01DD:0E3D   00 00 00 00 00 00 00 00 00 00 00 00 00 00 00 00 
01DD:0E4D   00 00 00 00 00 00 00 00 00 00 00 00 00 00 00 00 
01DD:0E5D   00 00 00 00 00 00 00 00 00 00 00 00 00 00 00 00 
01DD:0E6D   00 00 00 00 00 00 00 00 00 00 00 00 00 00 00 00 
01DD:0E7D   00 00 00 00 00 00 00 00 00 00 00 00 00 00 00 00 
01DD:0E8D   00 00 00 00 00 00 00 00 00 00 00 00 00 00 00 00 
01DD:0E9D   00 00 00 00 00 00 00 00 00 00 00 00 00 00 00 00 
01DD:0EAD   00 00 00 00 00 00 00 00 00 00 00 00 00 00 00 00 
01DD:0EBD   00 00 00 00 00 00 00 00 00 00 00 00 00 00 00 00 
01DD:0ECD   00 00 00 00 00 00 00 00 00 00 00 00 00 00 00 00 
01DD:0EDD   00 00 00 00 00 00 00 00 00 00 00 00 00 00 00 00 
01DD:0EED   00 00 00 00 00 00 00 00 00 00 00 00 00 00 00 00 
01DD:0EFD   00 00 00 00 00 00 00 00 00 00 00 00 00 00 00 00 
01DD:0F0D   00 00 00 00 00 00 00 00 00 00 00 00 00 00 00 00 
01DD:0F1D   00 00 00 00 00 00 00 00 00 00 00 00 00 00 00 00 
01DD:0F2D   00 00 00 00 00 00 00 00 00 00 00 00 00 00 00 00 
01DD:0F3D   00 00 00 00 00 00 00 00 00 00 00 00 00 00 00 00 
01DD:0F4D   00 00 00 00 00 00 00 00 00 00 00 00 00 00 00 00 
01DD:0F5D   00 00 00 00 00 00 00 00 00 00 00 00 00 00 00 00 
01DD:0F6D   00 00 00 00 00 00 00 00 00 00 00 00 00 00 00 00 
01DD:0F7D   00 00 00 00 00 00 00 00 00 00 00 00 00 00 00 00 
01DD:0F8D   00 00 00 00 00 00 00 00 00 00 00 00 00 00 00 00 
01DD:0F9D   00 00 00 00 00 00 00 00 00 00 00 00 00 00 00 00 
01DD:0FAD   00 00 00 00 00 00 00 00 00 00 00 00 00 00 00 00 
01DD:0FBD   00 00 00 00 00 00 00 00 00 00 00 00 00 00 00 00 
01DD:0FCD   00 00 00 00 00 00 00 00 00 00 00 00 00 00 00 00 
01DD:0FDD   00 00 00 00 00 00 00 00 00 00 00 00 00 00 00 00 
01DD:0FED   00 00 00 00 00 00 00 00 00 00 00 00 00 00 00 00 
01DD:0FFD   00 00 00 00 00 00 00 00 00 00 00 00 00 00 00 00 
01DD:100D   00 00 00 00 00 00 00 00 00 00 00 00 00 00 00 00 
01DD:101D   00 00 00 00 00 00 00 00 00 00 00 00 00 00 00 00 
01DD:102D   00 00 00 00 00 00 00 00 00 00 00 00 00 00 00 00 
01DD:103D   00 00 00 00 00 00 00 00 00 00 00 00 00 00 00 00 
01DD:104D   00 00 00 00 00 00 00 00 00 00 00 00 00 00 00 00 
01DD:105D   00 00 00 00 00 00 00 00 00 00 00 00 00 00 00 00 
01DD:106D   00 00 00 00 00 00 00 00 00 00 00 00 00 00 00 00 
01DD:107D   00 00 00 00 00 00 00 00 00 00 00 00 00 00 00 00 
01DD:108D   00 00 00 00 00 00 00 00 00 00 00 00 00 00 00 00 
01DD:109D   00 00 00 00 00 00 00 00 00 00 00 00 00 00 00 00 
01DD:10AD   00 00 00 00 00 00 00 00 00 00 00 00 00 00 00 00 
01DD:10BD   00 00 00 00 00 00 00 00 00 00 00 00 00 00 00 00 
01DD:10CD   00 00 00 00 00 00 00 00 00 00 00 00 00 00 00 00 
01DD:10DD   00 00 00 00 00 00 00 00 00 00 00 00 00 00 00 00 
01DD:10ED   00 00 00 00 00 00 00 00 00 00 00 00 00 00 00 00 
01DD:10FD   00 00 00 00 00 00 00 00 00 00 00 00 00 00 00 00 
01DD:110D   00 00 00 00 00 00 00 00 00 00 00 00 00 00 00 00 
01DD:111D   00 00 00 00 00 00 00 00 00 00 00 00 00 00 00 00 
01DD:112D   00 00 00 00 00 00 00 00 00 00 00 00 00 00 00 00 
01DD:113D   00 00 00 00 00 00 00 00 00 00 00 00 00 00 00 00 
01DD:114D   00 00 00 00 00 00 00 00 00 00 00 00 00 00 00 00 
01DD:115D   00 00 00 00 00 00 00 00 00 00 00 00 00 00 00 00 
01DD:116D   00 00 00 00 00 00 00 00 00 00 00 00 00 00 00 00 
01DD:117D   00 00 00 00 00 00 00 00 00 00 00 00 00 00 00 00 
01DD:118D   00 00 00 00 00 00 00 00 00 00 00 00 00 00 00 00 
01DD:119D   00 00 00 00 00 00 00 00 00 00 00 00 00 00 00 00 
01DD:11AD   00 00 00 00 00 00 00 00 00 00 00 00 00 00 00 00 
01DD:11BD   00 00 00 00 
